7.87  0.00
17.89  0.00
17.90  0.01
17.91  0.00
17.93  0.03
17.94  0.
17.82  0.00
17.83  0.00
17.85  0.00
17.86  0.03
17.87  0.00
17.89  0.00
17.90  0.01
17.91  0.00
17.93  0.03
17.94  0.
17.82  0.00
17.83  0.00
17.85  0.00
17.86  0.03
17.87  0.00
17.89  0.00
17.90  0.01
17.91  0.00
17.93  0.03
17.94  0.0.00  0.00
0.00  0.00
0.00  0.00
0.00  0.08
0.00  0.20
0.01  0.00
0.01  0.00
0.02  0.04
0.03  0.00
0.05  0.13
0.06  0.00
0.07  0.01
0.08  0.00
0.10  0.00
0.11  0.00
0.12  0.00
0.13  0.00
0.14  0.13
0.16  0.00
0.17  0.03
0.18  0.17
0.19  0.00
0.21  0.00
0.22  0.00
0.23  0.00
0.25  0.00
0.26  0.00
0.27  0.03
0.28  0.18
0.29  0.25
0.31  0.02
0.32  0.00
0.33  0.00
0.35  0.00
0.36  0.00
0.37  0.03
0.38  0.01
0.40  0.29
0.41  0.04
0.42  0.00
0.43  0.00
0.45  0.00
0.46  0.00
0.47  0.01
0.48  0.00
0.49  0.19
0.51  0.03
0.52  0.00
0.53  0.00
0.54  0.00
0.56  0.00
0.57  0.04
0.58  0.00
0.59  0.24
0.61  0.03
0.62  0.00
0.63  0.00
0.65  0.00
0.66  0.00
0.67  0.02
0.68  0.00
0.69  0.36
0.71  0.00
0.72  0.00
0.73  0.00
0.74  0.07
0.76  0.00
0.77  0.00
0.78  0.00
0.79  0.16
0.81  0.00
0.82  0.02
0.83  0.07
0.84  0.00
0.86  0.00
0.87  0.00
0.88  0.00
0.89  0.00
0.91  0.00
0.92  0.04
0.93  0.01
0.94  0.28
0.96  0.02
0.97  0.00
0.98  0.00
0.99  0.00
1.01  0.00
1.02  0.02
1.03  0.05
1.04  0.27
1.06  0.00
1.07  0.00
1.08  0.13
1.09  0.00
1.11  0.00
1.12  0.05
1.13  0.00
1.14  0.01
1.16  0.00
1.17  0.00
1.18  0.00
1.19  0.25
1.21  0.00
1.22  0.00
1.23  0.00
1.24  0.00
1.26  0.00
1.27  0.02
1.28  0.00
1.29  0.44
1.31  0.00
1.32  0.00
1.33  0.00
1.34  0.00
1.36  0.00
1.37  0.00
1.38  0.00
1.39  0.18
1.40  0.00
1.42  0.00
1.43  0.02
1.44  0.09
1.46  0.28
1.47  0.02
1.48  0.00
1.49  0.00
1.51  0.07
1.52  0.00
1.53  0.02
1.54  0.11
1.55  0.03
1.57  0.00
1.58  0.00
1.59  0.00
1.61  0.30
1.62  0.04
1.63  0.00
1.64  0.18
1.65  0.00
1.67  0.00
1.68  0.01
1.69  0.03
1.71  0.22
1.72  0.02
1.73  0.00
1.74  0.30
1.75  0.00
1.77  0.00
1.78  0.00
1.79  0.00
1.80  0.08
1.82  0.01
1.83  0.00
1.84  0.00
1.86  0.00
1.87  0.00
1.88  0.03
1.89  0.00
1.90  0.19
1.92  0.00
1.93  0.00
1.94  0.00
1.95  0.00
1.97  0.00
1.98  0.00
1.99  0.00
2.00  0.00
2.02  0.00
2.03  0.00
2.04  0.00
2.06  0.00
2.07  0.00
2.08  0.00
2.09  0.00
2.11  0.00
2.12  0.00
2.13  0.03
2.14  0.00
2.15  0.22
2.17  0.01
2.18  0.00
2.19  0.00
2.20  0.00
2.22  0.02
2.23  0.00
2.24  0.00
2.25  0.00
2.27  0.00
2.28  0.00
2.29  0.03
2.31  0.00
2.32  0.01
2.33  0.00
2.34  0.07
2.35  0.00
2.37  0.00
2.38  0.00
2.39  0.00
2.40  0.28
2.42  0.03
2.43  0.00
2.44  0.00
2.45  0.00
2.47  0.00
2.48  0.00
2.49  0.00
2.50  0.11
2.52  0.00
2.53  0.05
2.54  0.18
2.55  0.00
2.57  0.00
2.58  0.00
2.59  0.00
2.60  0.28
2.62  0.01
2.63  0.00
2.64  0.00
2.65  0.02
2.67  0.00
2.68  0.02
2.69  0.06
2.70  0.08
2.72  0.00
2.73  0.00
2.74  0.17
2.75  0.00
2.77  0.00
2.78  0.01
2.79  0.02
2.80  0.28
2.82  0.00
2.83  0.00
2.84  0.00
2.85  0.00
2.87  0.00
2.88  0.02
2.89  0.03
2.90  0.18
2.92  0.00
2.93  0.00
2.94  0.07
2.95  0.00
2.97  0.08
2.98  0.01
2.99  0.00
3.00  0.00
3.02  0.01
3.03  0.00
3.04  0.00
3.05  0.27
3.07  0.00
3.08  0.01
3.09  0.00
3.10  0.00
3.12  0.00
3.13  0.00
3.14  0.00
3.15  0.00
3.17  0.27
3.18  0.00
3.19  0.00
3.20  0.27
3.22  0.00
3.23  0.00
3.24  0.00
3.25  0.04
3.27  0.24
3.28  0.00
3.29  0.00
3.30  0.00
3.32  0.00
3.33  0.00
3.34  0.03
3.35  0.00
3.36  0.27
3.38  0.04
3.39  0.00
3.40  0.16
3.42  0.00
3.43  0.00
3.44  0.02
3.45  0.01
3.47  0.46
3.48  0.04
3.49  0.00
3.50  0.23
3.52  0.00
3.53  0.00
3.54  0.00
3.55  0.00
3.56  0.00
3.58  0.00
3.59  0.00
3.60  0.00
3.61  0.15
3.63  0.02
3.64  0.00
3.65  0.00
3.66  0.00
3.68  0.00
3.69  0.01
3.70  0.00
3.72  0.29
3.73  0.01
3.74  0.00
3.75  0.02
3.76  0.00
3.78  0.02
3.79  0.00
3.80  0.00
3.81  0.00
3.83  0.00
3.84  0.00
3.85  0.00
3.86  0.00
3.88  0.00
3.89  0.00
3.90  0.00
3.91  0.29
3.93  0.01
3.94  0.00
3.95  0.03
3.96  0.00
3.98  0.00
3.99  0.00
4.00  0.01
4.01  0.00
4.03  0.00
4.04  0.04
4.05  0.00
4.06  0.06
4.08  0.00
4.09  0.00
4.10  0.00
4.11  0.26
4.13  0.02
4.14  0.00
4.15  0.06
4.16  0.00
4.18  0.01
4.19  0.00
4.20  0.16
4.21  0.00
4.23  0.00
4.24  0.00
4.25  0.00
4.26  0.13
4.28  0.00
4.29  0.00
4.30  0.24
4.31  0.00
4.33  0.00
4.34  0.02
4.35  0.04
4.36  0.37
4.38  0.00
4.39  0.00
4.40  0.29
4.41  0.00
4.43  0.00
4.44  0.00
4.45  0.00
4.46  0.26
4.48  0.00
4.49  0.00
4.50  0.00
4.51  0.27
4.53  0.00
4.54  0.00
4.55  0.00
4.56  0.00
4.58  0.09
4.59  0.00
4.60  0.03
4.61  0.03
4.63  0.00
4.64  0.00
4.65  0.00
4.66  0.00
4.68  0.02
4.69  0.00
4.70  0.02
4.71  0.06
4.73  0.09
4.74  0.03
4.75  0.00
4.76  0.07
4.78  0.00
4.79  0.12
4.80  0.50
4.81  1.25
4.82  1.73
4.84  0.28
4.85  0.00
4.86  0.00
4.88  0.00
4.89  0.00
4.90  0.00
4.91  0.00
4.93  0.00
4.94  0.00
4.95  0.00
4.96  0.00
4.98  0.00
4.99  0.00
5.00  0.02
5.01  0.00
5.02  0.16
5.04  0.04
5.05  0.00
5.06  0.09
5.07  0.00
5.09  0.00
5.10  0.04
5.11  0.00
5.13  0.00
5.14  0.00
5.15  0.01
5.16  0.00
5.18  0.35
5.19  0.02
5.20  0.00
5.21  0.00
