89  0.00
53.90  0.00
53.92  0.15
53.93  0.00
53.94  0.02
53.96  0.06
53.97  0.00
53.99  0.0
53.86  0.00
53.88  0.06
53.89  0.00
53.90  0.00
53.92  0.15
53.93  0.00
53.94  0.02
53.96  0.06
53.97  0.00
53.99  0.00.00  0.00
0.00  0.00
0.00  0.00
0.00  0.00
0.00  0.00
0.01  0.00
0.01  0.05
0.02  0.00
0.03  0.00
0.05  0.00
0.06  0.00
0.07  0.00
0.08  0.00
0.10  0.01
0.11  0.00
0.12  0.20
0.13  0.24
0.14  0.00
0.16  0.04
0.17  0.00
0.18  0.00
0.19  0.00
0.21  0.00
0.22  0.18
0.23  0.13
0.25  0.00
0.26  0.03
0.27  0.00
0.28  0.20
0.29  0.00
0.31  0.02
0.32  0.02
0.33  0.00
0.35  0.05
0.36  0.00
0.37  0.00
0.38  0.00
0.40  0.00
0.41  0.00
0.42  0.00
0.43  0.19
0.45  0.00
0.46  0.04
0.47  0.01
0.48  0.30
0.49  0.05
0.51  0.04
0.52  0.01
0.53  0.02
0.54  0.18
0.56  0.00
0.57  0.05
0.58  0.00
0.59  0.00
0.61  0.00
0.62  0.00
0.63  0.00
0.65  0.00
0.66  0.04
0.67  0.00
0.68  0.19
0.69  0.45
0.71  0.01
0.72  0.05
0.73  0.00
0.74  0.15
0.76  0.00
0.77  0.03
0.78  0.01
0.79  0.17
0.81  0.00
0.82  0.03
0.83  0.00
0.84  0.06
0.86  0.00
0.87  0.00
0.88  0.00
0.89  0.00
0.91  0.00
0.92  0.00
0.93  0.00
0.94  0.00
0.96  0.00
0.97  0.00
0.98  0.00
0.99  0.00
1.01  0.00
1.02  0.00
1.03  0.00
1.04  0.00
1.06  0.00
1.07  0.01
1.08  0.00
1.09  0.00
1.11  0.00
1.12  0.00
1.13  0.00
1.14  0.00
1.16  0.00
1.17  0.00
1.18  0.00
1.19  0.00
1.21  0.00
1.22  0.00
1.23  0.00
1.24  0.00
1.26  0.00
1.27  0.00
1.28  0.31
1.29  0.05
1.31  0.02
1.32  0.00
1.33  0.00
1.34  0.13
1.36  0.02
1.37  0.00
1.38  0.23
1.39  0.02
1.40  0.01
1.42  0.00
1.43  0.03
1.44  0.20
1.46  0.01
1.47  0.07
1.48  0.24
1.49  0.00
1.51  0.00
1.52  0.00
1.53  0.00
1.54  0.00
1.55  0.00
1.57  0.01
1.58  0.00
1.59  0.08
1.61  0.00
1.62  0.01
1.63  0.00
1.64  0.00
1.65  0.00
1.67  0.01
1.68  0.00
1.69  0.00
1.71  0.00
1.72  0.00
1.73  0.01
1.74  0.00
1.75  0.05
1.77  0.00
1.78  0.04
1.79  0.00
1.80  0.17
1.82  0.00
1.83  0.02
1.84  0.01
1.86  0.27
1.87  0.00
1.88  0.04
1.89  0.00
1.90  0.12
1.92  0.00
1.93  0.02
1.94  0.00
1.95  0.00
1.97  0.00
1.98  0.01
1.99  0.00
2.00  0.12
2.02  0.00
2.03  0.00
2.04  0.00
2.06  0.00
2.07  0.00
2.08  0.00
2.09  0.00
2.11  0.00
2.12  0.00
2.13  0.02
2.14  0.00
2.15  0.00
2.17  0.00
2.18  0.01
2.19  0.00
2.20  0.27
2.22  0.01
2.23  0.00
2.24  0.26
2.25  0.47
2.27  0.02
2.28  0.06
2.29  0.01
2.31  0.00
2.32  0.00
2.33  0.00
2.34  0.00
2.35  0.00
2.37  0.00
2.38  0.05
2.39  0.00
2.40  0.19
2.42  0.00
2.43  0.01
2.44  0.00
2.45  0.00
2.47  0.00
2.48  0.00
2.49  0.00
2.50  0.00
2.52  0.01
2.53  0.00
2.54  0.12
2.55  0.06
2.57  0.03
2.58  0.00
2.59  0.02
2.60  0.00
2.62  0.00
2.63  0.00
2.64  0.00
2.65  0.00
2.67  0.09
2.68  0.32
2.69  0.93
2.70  0.89
2.72  0.68
2.73  0.00
2.74  0.00
2.75  0.00
2.77  0.00
2.78  0.00
2.79  0.00
2.80  0.08
2.82  0.00
2.83  0.00
2.84  0.31
2.85  0.05
2.87  0.02
2.88  0.00
2.89  0.01
2.90  0.24
2.92  0.00
2.93  0.05
2.94  0.00
2.95  0.12
2.97  0.00
2.98  0.01
2.99  0.00
3.00  0.00
3.02  0.00
3.03  0.00
3.04  0.00
3.05  0.00
3.07  0.00
3.08  0.00
3.09  0.00
3.10  0.04
3.12  0.00
3.13  0.01
3.14  0.00
3.15  0.37
3.17  0.00
3.18  0.00
3.19  0.00
3.20  0.23
3.22  0.00
3.23  0.00
3.24  0.00
3.25  0.04
3.27  0.00
3.28  0.05
3.29  0.01
3.30  0.04
3.32  0.20
3.33  0.00
3.34  0.03
3.35  0.00
3.36  0.00
3.38  0.00
3.39  0.00
3.40  0.00
3.42  0.00
3.43  0.00
3.44  0.00
3.45  0.00
3.47  0.09
3.48  0.00
3.49  0.00
3.50  0.00
3.52  0.00
3.53  0.00
3.54  0.04
3.55  0.03
3.56  0.00
3.58  0.00
3.59  0.00
3.60  0.22
3.61  0.00
3.63  0.01
3.64  0.00
3.65  0.00
3.66  0.00
3.68  0.00
3.69  0.00
3.70  0.00
3.72  0.00
3.73  0.00
3.74  0.00
3.75  0.00
3.76  0.06
3.78  0.03
3.79  0.00
3.80  0.17
3.81  0.36
3.83  0.02
3.84  0.02
3.85  0.00
3.86  0.22
3.88  0.03
3.89  0.00
3.90  0.18
3.91  0.39
3.93  0.02
3.94  0.00
3.95  0.00
3.96  0.22
3.98  0.04
3.99  0.00
4.00  0.03
4.01  0.07
4.03  0.01
4.04  0.00
4.05  0.00
4.06  0.03
4.08  0.04
4.09  0.00
4.10  0.31
