.0.00
54.46 .00
54.34  0.00
54.35  0.35
54.36  0.00
54.38  0.00
54.39  0.11
54.40  0.02
54.42  0.00
54.43  0.00
54.45  0.00
54.46 00
54.34  0.00
54.35  0.35
54.36  0.00
54.38  0.00
54.39  0.11
54.40  0.02
54.42  0.00
54.43  0.00
54.45  0.00
54.46 0.00  0.00
0.00  0.03
0.00  0.08
0.00  0.00
0.00  0.00
0.01  0.05
0.01  0.01
0.02  0.04
0.03  0.00
0.05  0.12
0.06  0.00
0.07  0.00
0.08  0.00
0.10  0.00
0.11  0.00
0.12  0.00
0.13  0.00
0.14  0.34
0.16  0.00
0.17  0.04
0.18  0.00
0.19  0.10
0.21  0.00
0.22  0.00
0.23  0.00
0.25  0.00
0.26  0.00
0.27  0.00
0.28  0.20
0.29  0.22
0.31  0.03
0.32  0.00
0.33  0.03
0.35  0.13
0.36  0.04
0.37  0.00
0.38  0.17
0.40  0.15
0.41  0.05
0.42  0.00
0.43  0.04
0.45  0.26
0.46  0.03
0.47  0.03
0.48  0.00
0.49  0.19
0.51  0.00
0.52  0.05
0.53  0.02
0.54  0.24
0.56  0.01
0.57  0.02
0.58  0.22
0.59  0.04
0.61  0.00
0.62  0.01
0.63  0.02
0.65  0.01
0.66  0.04
0.67  0.00
0.68  0.15
0.69  0.00
0.71  0.00
0.72  0.00
0.73  0.00
0.74  0.00
0.76  0.00
0.77  0.00
0.78  0.00
0.79  0.00
0.81  0.00
0.82  0.00
0.83  0.00
0.84  0.00
0.86  0.00
0.87  0.00
0.88  0.00
0.89  0.00
0.91  0.00
0.92  0.00
0.93  0.00
0.94  0.00
0.96  0.00
0.97  0.00
0.98  0.00
0.99  0.00
1.01  0.00
1.02  0.02
1.03  0.00
1.04  0.00
1.06  0.00
1.07  0.00
1.08  0.00
1.09  0.00
1.11  0.00
1.12  0.00
1.13  0.00
1.14  0.00
1.16  0.00
1.17  0.00
1.18  0.00
1.19  0.00
1.21  0.00
1.22  0.00
1.23  0.00
1.24  0.00
1.26  0.01
1.27  0.00
1.28  0.26
1.29  0.03
1.31  0.01
1.32  0.00
1.33  0.00
1.34  0.00
1.36  0.01
1.37  0.00
1.38  0.00
1.39  0.00
1.40  0.00
1.42  0.00
1.43  0.00
1.44  0.00
1.46  0.00
1.47  0.00
1.48  0.20
1.49  0.00
1.51  0.00
1.52  0.00
1.53  0.00
1.54  0.09
1.55  0.00
1.57  0.02
1.58  0.16
1.59  0.25
1.61  0.01
1.62  0.00
1.63  0.05
1.64  0.23
1.65  0.00
1.67  0.02
1.68  0.11
1.69  0.29
1.71  0.00
1.72  0.00
1.73  0.00
1.74  0.00
1.75  0.06
1.77  0.00
1.78  0.02
1.79  0.00
1.80  0.25
1.82  0.00
1.83  0.03
1.84  0.00
1.86  0.17
1.87  0.00
1.88  0.05
1.89  0.00
1.90  0.14
1.92  0.01
1.93  0.02
1.94  0.22
1.95  0.02
1.97  0.06
1.98  0.00
1.99  0.04
2.00  0.00
2.02  0.11
2.03  0.24
2.04  0.00
2.06  0.67
2.07  0.52
2.08  0.60
2.09  0.45
2.11  0.37
2.12  0.00
2.13  0.00
2.14  0.00
2.15  0.00
2.17  0.00
2.18  0.00
2.19  0.00
2.20  0.00
2.22  0.00
2.23  0.00
2.24  0.23
2.25  0.05
2.27  0.02
2.28  0.00
2.29  0.00
2.31  0.21
2.32  0.00
2.33  0.05
2.34  0.05
2.35  0.23
2.37  0.00
2.38  0.02
2.39  0.00
2.40  0.01
2.42  0.04
2.43  0.00
2.44  0.00
2.45  0.00
2.47  0.00
2.48  0.00
2.49  0.00
2.50  0.00
2.52  0.00
2.53  0.00
2.54  0.00
2.55  0.00
2.57  0.00
2.58  0.01
2.59  0.00
2.60  0.00
2.62  0.00
2.63  0.00
2.64  0.00
2.65  0.00
2.67  0.00
2.68  0.00
2.69  0.00
2.70  0.00
2.72  0.00
2.73  0.00
2.74  0.00
2.75  0.00
2.77  0.00
2.78  0.04
2.79  0.00
2.80  0.00
2.82  0.00
2.83  0.00
2.84  0.26
2.85  0.12
2.87  0.03
2.88  0.00
2.89  0.00
2.90  0.00
2.92  0.00
2.93  0.00
2.94  0.07
2.95  0.00
2.97  0.00
2.98  0.00
2.99  0.00
3.00  0.02
3.02  0.00
3.03  0.00
3.04  0.31
3.05  0.00
3.07  0.00
3.08  0.00
3.09  0.00
3.10  0.00
3.12  0.00
3.13  0.00
3.14  0.24
3.15  0.00
3.17  0.00
3.18  0.00
3.19  0.00
3.20  0.00
3.22  0.00
3.23  0.07
3.24  0.00
3.25  0.29
3.27  0.02
3.28  0.00
3.29  0.00
3.30  0.13
3.32  0.00
3.33  0.02
3.34  0.19
3.35  0.21
3.36  0.01
3.38  0.00
3.39  0.00
3.40  0.00
3.42  0.00
3.43  0.00
3.44  0.00
3.45  0.04
3.47  0.00
3.48  0.07
3.49  0.03
3.50  0.34
3.52  0.00
3.53  0.01
3.54  0.12
3.55  0.08
3.56  0.00
3.58  0.00
3.59  0.00
3.60  0.00
3.61  0.13
3.63  0.05
3.64  0.00
3.65  0.28
3.66  0.00
3.68  0.04
3.69  0.00
3.70  0.27
3.72  0.00
