  0.00
48.71  0.03
48.73  0.18
48.74  0.00
48.75  0.00
48.77  0.00
45  0.00
48.66  0.00
48.67  0.00
48.69  0.00
48.70  0.00
48.71  0.03
48.73  0.18
48.74  0.00
48.75  0.00
48.77  0.00
40.00  0.00
0.00  0.03
0.00  0.16
0.00  0.00
0.00  0.00
0.01  0.11
0.01  0.00
0.02  0.02
0.03  0.00
0.05  0.00
0.06  0.00
0.07  0.01
0.08  0.09
0.10  0.00
0.11  0.00
0.12  0.00
0.13  0.00
0.14  0.00
0.16  0.00
0.17  0.02
0.18  0.15
0.19  0.00
0.21  0.00
0.22  0.03
0.23  0.00
0.25  0.00
0.26  0.00
0.27  0.03
0.28  0.14
0.29  0.00
0.31  0.00
0.32  0.03
0.33  0.00
0.35  0.00
0.36  0.00
0.37  0.01
0.38  0.05
0.40  0.00
0.41  0.00
0.42  0.00
0.43  0.00
0.45  0.17
0.46  0.02
0.47  0.00
0.48  0.00
0.49  0.20
0.51  0.04
0.52  0.00
0.53  0.00
0.54  0.28
0.56  0.01
0.57  0.00
0.58  0.00
0.59  0.31
0.61  0.00
0.62  0.00
0.63  0.00
0.65  0.19
0.66  0.00
0.67  0.00
0.68  0.00
0.69  0.29
0.71  0.00
0.72  0.00
0.73  0.00
0.74  0.00
0.76  0.00
0.77  0.01
0.78  0.00
0.79  0.13
0.81  0.02
0.82  0.00
0.83  0.00
0.84  0.22
0.86  0.00
0.87  0.00
0.88  0.00
0.89  0.12
0.91  0.00
0.92  0.00
0.93  0.00
0.94  0.06
0.96  0.00
0.97  0.04
0.98  0.15
0.99  0.00
1.01  0.00
1.02  0.00
1.03  0.00
1.04  0.06
1.06  0.01
1.07  0.00
1.08  0.00
1.09  0.31
1.11  0.00
1.12  0.00
1.13  0.01
1.14  0.00
1.16  0.00
1.17  0.00
1.18  0.00
1.19  0.14
1.21  0.00
1.22  0.00
1.23  0.01
1.24  0.10
1.26  0.00
1.27  0.00
1.28  0.00
1.29  0.09
1.31  0.03
1.32  0.00
1.33  0.00
1.34  0.00
1.36  0.20
1.37  0.00
1.38  0.02
1.39  0.10
1.40  0.00
1.42  0.00
1.43  0.00
1.44  0.00
1.46  0.17
1.47  0.02
1.48  0.00
1.49  0.00
1.51  0.22
1.52  0.01
1.53  0.00
1.54  0.00
1.55  0.10
1.57  0.00
1.58  0.02
1.59  0.00
1.61  0.00
1.62  0.01
1.63  0.00
1.64  0.00
1.65  0.28
1.67  0.04
1.68  0.00
1.69  0.00
1.71  0.30
1.72  0.02
1.73  0.00
1.74  0.00
1.75  0.12
1.77  0.00
1.78  0.03
1.79  0.00
1.80  0.00
1.82  0.00
1.83  0.02
1.84  0.10
1.86  0.00
1.87  0.01
1.88  0.00
1.89  0.00
1.90  0.15
1.92  0.00
1.93  0.02
1.94  0.02
1.95  0.00
1.97  0.00
1.98  0.00
1.99  0.00
2.00  0.28
2.02  0.03
2.03  0.00
2.04  0.00
2.06  0.23
2.07  0.01
2.08  0.00
2.09  0.00
2.11  0.24
2.12  0.02
2.13  0.00
2.14  0.00
2.15  0.26
2.17  0.01
2.18  0.00
2.19  0.00
2.20  0.00
2.22  0.00
2.23  0.04
2.24  0.21
2.25  0.00
2.27  0.00
2.28  0.02
2.29  0.00
2.31  0.00
2.32  0.00
2.33  0.02
2.34  0.07
2.35  0.00
2.37  0.01
2.38  0.00
2.39  0.00
2.40  0.00
2.42  0.00
2.43  0.00
2.44  0.00
2.45  0.10
2.47  0.01
2.48  0.00
2.49  0.00
2.50  0.09
2.52  0.01
2.53  0.00
2.54  0.00
2.55  0.21
2.57  0.00
2.58  0.00
2.59  0.00
2.60  0.00
2.62  0.00
2.63  0.01
2.64  0.02
2.65  0.00
2.67  0.00
2.68  0.00
2.69  0.00
2.70  0.20
2.72  0.00
2.73  0.00
2.74  0.01
2.75  0.23
2.77  0.00
2.78  0.01
2.79  0.00
2.80  0.00
2.82  0.00
2.83  0.00
2.84  0.00
2.85  0.09
2.87  0.00
2.88  0.00
2.89  0.02
2.90  0.11
2.92  0.00
2.93  0.00
2.94  0.02
2.95  0.01
2.97  0.00
2.98  0.00
2.99  0.00
3.00  0.06
3.02  0.11
3.03  0.03
3.04  0.00
3.05  0.00
3.07  0.18
3.08  0.00
3.09  0.00
3.10  0.06
3.12  0.00
3.13  0.00
3.14  0.01
3.15  0.00
3.17  0.00
3.18  0.00
3.19  0.02
3.20  0.13
3.22  0.00
3.23  0.01
3.24  0.00
3.25  0.00
3.27  0.22
3.28  0.00
3.29  0.00
3.30  0.04
3.32  0.00
3.33  0.00
3.34  0.00
3.35  0.00
3.36  0.11
3.38  0.00
3.39  0.00
3.40  0.00
3.42  0.00
3.43  0.00
3.44  0.00
3.45  0.00
3.47  0.23
3.48  0.03
3.49  0.00
3.50  0.00
3.52  0.05
3.53  0.00
3.54  0.01
3.55  0.00
3.56  0.00
3.58  0.00
3.59  0.01
3.60  0.13
3.61  0.00
3.63  0.00
3.64  0.03
3.65  0.00
3.66  0.03
3.68  0.01
3.69  0.00
3.70  0.00
3.72  0.19
3.73  0.00
3.74  0.00
3.75  0.01
3.76  0.00
3.78  0.00
3.79  0.02
3.80  0.09
3.81  0.00
3.83  0.00
3.84  0.00
3.85  0.00
3.86  0.10
3.88  0.00
3.89  0.00
3.90  0.00
3.91  0.00
3.93  0.00
3.94  0.00
3.95  0.00
3.96  0.00
3.98  0.00
3.99  0.02
4.00  0.14
4.01  0.00
4.03  0.00
4.04  0.00
4.05  0.00
4.06  0.09
4.08  0.00
4.09  0.00
4.10  0.00
4.11  0.09
4.13  0.00
4.14  0.02
4.15  0.02
4.16  0.00
4.18  0.00
4.19  0.02
4.20  0.00
4.21  0.00
4.23  0.04
4.24  0.02
4.25  0.00
4.26  0.00
4.28  0.15
4.29  0.00
4.30  0.00
4.31  0.25
4.33  0.00
4.34  0.00
4.35  0.00
4.36  0.00
4.38  0.02
4.39  0.01
4.40  0.00
4.41  0.00
4.43  0.14
4.44  0.00
4.45  0.00
4.46  0.08
4.48  0.00
4.49  0.00
4.50  0.00
4.51  0.00
4.53  0.08
4.54  0.02
4.55  0.00
4.56  0.00
4.58  0.15
4.59  0.01
4.60  0.00
4.61  0.00
4.63  0.06
4.64  0.00
4.65  0.01
4.66  0.08
4.68  0.00
4.69  0.00
4.70  0.03
4.71  0.00
4.73  0.00
4.74  0.00
4.75  0.01
4.76  0.10
4.78  0.00
4.79  0.00
4.80  0.02
4.81  0.00
4.82  0.00
4.84  0.00
4.85  0.00
4.86  0.00
4.88  0.15
4.89  0.00
4.90  0.02
4.91  0.00
4.93  0.00
4.94  0.00
4.95  0.00
4.96  0.00
4.98  0.00
4.99  0.01
5.00  0.00
5.01  0.00
5.02  0.00
5.04  0.00
5.05  0.00
5.06  0.00
5.07  0.20
5.09  0.00
5.10  0.04
5.11  0.00
5.13  0.00
5.14  0.00
5.15  0.00
5.16  0.00
5.18  0.21
5.19  0.03
5.20  0.00
5.21  0.00
5.22  0.22
5.24  0.03
5.25  0.00
5.26  0.00
5.27  0.00
5.29  0.00
5.30  0.02
5.31  0.00
5.32  0.00
5.34  0.00
5.35  0.00
5.36  0.00
5.37  0.10
5.39  0.00
5.40  0.00
5.41  0.00
5.42  0.08
5.44  0.01
5.45  0.00
5.46  0.00
5.47  0.25
5.49  0.00
5.50  0.00
5.51  0.01
5.52  0.00
5.54  0.00
5.55  0.02
5.56  0.11
5.57  0.00
5.59  0.00
5.60  0.00
5.61  0.00
5.62  0.10
5.64  0.00
5.65  0.00
5.66  0.00
5.67  0.00
5.69  0.00
5.70  0.00
5.71  0.00
5.72  0.68
5.74  1.46
5.75  0.98
5.76  0.31
5.77  0.19
5.79  0.00
5.80  0.00
5.81  0.04
5.82  0.24
5.84  0.00
5.85  0.00
5.86  0.02
5.87  0.11
5.89  0.11
5.90  0.04
5.91  0.00
5.92  0.15
5.94  0.00
5.95  0.00
5.96  0.00
5.97  0.00
5.99  0.13
6.00  0.01
6.01  0.00
6.02  0.00
6.04  0.26
6.05  0.02
6.06  0.00
6.07  0.00
6.09  0.00
6.10  0.00
6.11  0.00
6.12  0.00
6.14  0.14
6.15  0.02
6.16  0.00
6.17  0.00
6.19  0.00
6.20  0.00
6.21  0.02
6.22  0.11
6.24  0.00
6.25  0.00
6.26  0.02
6.27  0.00
6.28  0.00
6.30  0.00
6.31  0.00
6.32  0.00
6.34  0.29
6.35  0.03
6.36  0.00
6.37  0.00
6.39  0.00
6.40  0.00
