 0.00
13.64  0.00
13.65  0.06
13.67  0.21
13.68  0.00
13.70  0.00
.57  0.00
13.59  0.00
13.60  0.00
13.61  0.00
13.63  0.00
13.64  0.00
13.65  0.06
13.67  0.21
13.68  0.00
13.70  0.00
0.00  0.04
0.00  0.00
0.00  0.20
0.00  0.00
0.00  0.00
0.01  0.00
0.01  0.04
0.02  0.01
0.03  0.00
0.05  0.00
0.06  0.00
0.07  0.00
0.08  0.00
0.10  0.06
0.11  0.00
0.12  0.08
0.13  0.00
0.14  0.00
0.16  0.01
0.17  0.03
0.18  0.09
0.19  0.02
0.21  0.00
0.22  0.00
0.23  0.00
0.25  0.00
0.26  0.03
0.27  0.02
0.28  0.00
0.29  0.00
0.31  0.00
0.32  0.00
0.33  0.06
0.35  0.00
0.36  0.02
0.37  0.01
0.38  0.00
0.40  0.00
0.41  0.00
0.42  0.00
0.43  0.06
0.45  0.04
0.46  0.00
0.47  0.00
0.48  0.00
0.49  0.00
0.51  0.01
0.52  0.00
0.53  0.30
0.54  0.05
0.56  0.00
0.57  0.00
0.58  0.00
0.59  0.00
0.61  0.05
0.62  0.22
0.63  0.14
0.65  0.00
0.66  0.00
0.67  0.00
0.68  0.03
0.69  0.02
0.71  0.02
0.72  0.14
0.73  0.08
0.74  0.00
0.76  0.00
0.77  0.00
0.78  0.17
0.79  0.02
0.81  0.00
0.82  0.00
0.83  0.18
0.84  0.01
0.86  0.00
0.87  0.00
0.88  0.00
0.89  0.00
0.91  0.01
0.92  0.00
0.93  0.42
0.94  0.03
0.96  0.00
0.97  0.00
0.98  0.00
0.99  0.01
1.01  0.00
1.02  0.09
1.03  0.00
1.04  0.00
1.06  0.01
1.07  0.00
1.08  0.13
1.09  0.00
1.11  0.00
1.12  0.26
1.13  0.00
1.14  0.00
1.16  0.00
1.17  0.01
1.18  0.34
1.19  0.01
1.21  0.00
1.22  0.00
1.23  0.00
1.24  0.00
1.26  0.05
1.27  0.01
1.28  0.17
1.29  0.01
1.31  0.00
1.32  0.00
1.33  0.26
1.34  0.02
1.36  0.00
1.37  0.00
1.38  0.00
1.39  0.00
1.40  0.01
1.42  0.22
1.43  0.00
1.44  0.00
1.46  0.01
1.47  0.01
1.48  0.08
1.49  0.01
1.51  0.00
1.52  0.00
1.53  0.00
1.54  0.00
1.55  0.00
1.57  0.00
1.58  0.27
1.59  0.00
1.61  0.00
1.62  0.00
1.63  0.27
1.64  0.00
1.65  0.00
1.67  0.00
1.68  0.00
1.69  0.02
1.71  0.00
1.72  0.04
1.73  0.00
1.74  0.00
1.75  0.00
1.77  0.00
1.78  0.00
1.79  0.27
1.80  0.06
1.82  0.00
1.83  0.00
1.84  0.00
1.86  0.00
1.87  0.01
1.88  0.25
1.89  0.00
1.90  0.00
1.92  0.00
1.93  0.00
1.94  0.00
1.95  0.00
1.97  0.04
1.98  0.07
1.99  0.22
2.00  0.02
2.02  0.00
2.03  0.00
2.04  0.15
2.06  0.00
2.07  0.00
2.08  0.00
2.09  0.10
2.11  0.00
2.12  0.00
2.13  0.00
2.14  0.20
2.15  0.00
2.17  0.00
2.18  0.00
2.19  0.00
2.20  0.00
2.22  0.00
2.23  0.00
2.24  0.00
2.25  0.53
2.27  0.93
2.28  0.98
2.29  0.53
2.31  0.32
2.32  0.10
2.33  0.05
2.34  0.00
2.35  0.00
2.37  0.03
2.38  0.00
2.39  0.27
2.40  0.03
2.42  0.00
2.43  0.00
2.44  0.00
2.45  0.00
2.47  0.06
2.48  0.09
2.49  0.13
2.50  0.02
2.52  0.00
2.53  0.00
2.54  0.00
2.55  0.00
2.57  0.01
2.58  0.24
2.59  0.00
2.60  0.00
2.62  0.00
2.63  0.00
2.64  0.41
2.65  0.02
2.67  0.00
2.68  0.00
2.69  0.00
2.70  0.00
2.72  0.00
2.73  0.01
2.74  0.04
2.75  0.04
2.77  0.00
2.78  0.13
2.79  0.00
2.80  0.00
2.82  0.00
2.83  0.00
2.84  0.36
2.85  0.03
2.87  0.00
2.88  0.00
2.89  0.00
2.90  0.00
2.92  0.06
2.93  0.00
2.94  0.26
2.95  0.01
2.97  0.00
2.98  0.21
2.99  0.00
3.00  0.00
